1669244934
1669245739
1669307622
1669310780
1669310991
1669311050
1669311075
1669311093
1669311339
1669311466
1669311534
1669312179
1669312203
1669315909
1669808713
1669809050
1669809204
1669809247
1669817120
1669817394
1669817445
1669817690
1669819313
1669819672
1669819857
1669819908
1669819993
1669820095
1669820217
1669821928
1669821992
1669823045
1669823137
1669823195
1669823525
1669823584
1669823616
1669823656
1669823690
1669823902
1669824026
1669824154
1669824445
1669824487
1669824535
1669824567
1669976407
1669977057
1669977441
1669978212
1669978278
1669978847
1669978890
1669978984
1669979097
1669979191
1669979221
1669979748
1669980495
1669980528
1669980560
1669980615
1669980754
1669980838
1669981084
1669981138
1669981318
1669981392
1669981435
1669981511
1669981543
1669981575
1669982229
1669982550
1669982589
1669982662
1669982710
1669982769
1669982808
1669982902
1669982998
1669983042
1669983053
1669983133
1669983163
1669983240
1669983302
1669983492
1669983528
1669983605
1669983627
1669983840
1669983888
1669984027
1669984164
1669984285
1669984380
1670257459
1670257573
1670257833
1670258209
1670258301
1671183314
1671440653
1671442205
1671442314
1671445109
1671445171
1671445223
1671445296
1671445357
1671445600
1671445619
1671445736
1671446049
1671446350
1671449926
1671450058
1671450199
1671450713
1671451015
1671451146
1671451228
1671451255
1671451316
1671451473
1671451878
1671451908
1671452451
1671452471
1671452537
1671452607
1671452898
1671453032
1671453239
1671453354
1671453502
1671453531
1671453592
1671453596
1671453941
1671453979
1671453996
1671454061
1671454147
1671454200
1671454306
1671454340
1671455840
1671455963
1671456069
1671456377
1671456447
1671456463
1671456543
1671456653
1671457186
1671457295
1671457386
1671457450
1671458667
1671460444
1671460719
1671460820
1671460868
1671460912
1671462039
1671462142
1671462221
1671462269
1671462326
1671462364
1671462730
1671462959
1671464196
1671464306
1671464359
1673877543
1673880443
1673881233
1673881329
1673883355
1673883453
1673883589
1673883630
1673883855
1673883972
1673891431
1673891756
1673894022
1673894521
1673895763
1673895883
1673895973
1673896042
1673896192
1673897317
1673897429
1673951821
1673952128
1673953035
1673953045
1673953128
1673955321
1673955470
1673956279
1673956296
1673956321
1673956367
1673957606
1673957627
1673957727
1673957901
1673957955
1673958095
1673958285
1673958419
1673958431
1673958479
1673958961
1673960444
1673960478
1673960517
1673960803
1673960873
1673964959
1673965047
1673966034
1673966052
1673966120
1673966262
1673966290
1673966365
1673966408
1673966454
1673966512
1673966609
1673966636
1673966679
1673966779
1673966829
1673966939
1673967026
1673967107
1673967168
1673967374
1673967554
1673977332
1673977400
1673977529
1673978046
1673978064
1673978461
1673978522
1673978619
1673988209
1673988269
1673988292
1673989257
1673989308
1673989336
1673989405
1673989632
1673989712
1673989795
1673989827
1673991523
1673991577
1673991648
1673991688
1673991785
1673992234
1673992299
1673992330
1673992342
1673992373
1673992379
1673992412
1673993192
1673993249
1673993322
1673993393
1673993438
1673994849
1673995192
1673995354
1673995389
1673995429
1673995515
1673995851
1673995998
1673996043
1673996126
1673996155
1673996331
1673996429
1673996535
1673996618
1673996696
1673996732
1673996906
1674039369
1674039440
1674039774
1674039932
1674039983
1674044629
1674044637
1674044729
1674044826
1674044920
1674044972
1674045081
1674045117
1674045155
1674045213
1674045278
1674045456
1674049341
1674049375
1674049418
1674049588
1674049609
1674049696
1674049737
1674049950
1674050095
1674051303
1674051386
1674051526
1674051537
1674051629
1674051787
1674052011
1674052280
1674052461
1674052603
1674052665
1674052800
1674052907
1674053148
1674053264
1674053417
1674053505
1674053688
1674053861
1674053917
1674054020
1674075961
1674466148
1674466457
1674466516
1674466655
1674468401
1674468836
1674468969
1674469204
1674469330
1674469412
1674470604
1674470775
1674470858
1674471036
1674471590
1674471661
1674471720
1674471822
1674472262
1674472549
1674472596
1674472756
1674472862
1674472926
1674473067
1674473161
1674475720
1674477648
1674477822
1674478059
1674478166
1674478312
1674478475
1674478603
1674478856
1674478883
1674479160
1674479309
1674480158
1674480271
1674480382
1674480445
1674480593
1674480792
1674480896
1674481025
1674481215
1674481506
1674481774
1674481846
1674481980
1674482075
1674482133
1674482250
1674482281
1674482581
1674482635
1674482710
1674482872
1674483049
1674483238
1674483425
1674483515
1674483550
1674483825
1674484119
1674484298
1674484452
1674484574
1674484596
1674489639
1674489742
1674489879
1674489980
1674490084
1674490375
1674490403
1674490657
1674490782
1674490980
1674491085
1674491188
1674491289
1674491344
1674491414
1674491496
1674491570
1674492371
1674492500
1674492556
1674492759
1674492848
1674494479
1674495184
1674495220
1674495271
1674495295
1674495325
1674496533
1674496714
1674496877
1674496903
1674496947
1674497437
1674498114
1674498655
1674498975
1674499077
1674499114
1674499372
1674499588
1674499743
1674500224
1674561131
1674563302
1674572820
1674574133
1674574201
1674574713
1674574848
1674574914
1674575315
1674575354
1674575457
1674575509
1674575832
1674575898
1674576129
1674576389
1674577688
1674578008
1674578087
1674578331
1674578336
1674578449
1674641407
1674641480
1674642966
1674643000
1674643124
1674643667
1674644352
1674644489
1674644560
1674644662
1674644714
1674645310
1674645507
1674645515
1674645550
1674646387
1674646530
1674646602
1674646799
1674646924
1674646949
1674647020
1674647539
1674647636
1674647696
1674647705
1674647762
1674648320
1674648491
1674648618
1674648675
1674648840
1674648916
1674649170
1674649275
1674649283
1674649352
1674649610
1674649687
1674649806
1674649905
1674650033
1674650146
1674650306
1674650454
1674650515
1674830507
1674830764
1674830778
1674830852
1674831041
1674831405
1674831538
1674831679
1674832090
1674832889
1674906653
1674906867
1674908012
1674908095
1674908168
1674908213
1674908263
1674908351
1674908443
1674908490
1674908549
1674908586
1674908626
1674908720
1674909360
1674909382
1674909478
1674909669
1674909864
1674910301
1674910501
1674910648
1674910662
1674910836
1674910967
1674911134
1674911209
1674911303
1674911420
1674911499
1674911715
1674912182
1674912342
1674912520
1674912890
1674913065
1674913190
1674913213
1674916515
1674917199
1674917222
1674917406
1674917670
1674920636
1674921264
1674921382
1674921558
1674922174
1674922386
1674922577
